_________________________________________________________________
|                                                                |__
|                                                888     8888    |  |
|                                               8   8   88   8   |[]|
|  88   8 88888 8    8 8888     888     8888   8     8  88       |__| 
|  8 8  8 8     8    8 8   8   8   8   8       8     8   888     |  
|  8  8 8 8888  8    8 8888   8     8   888    8     8     88    |__
|  8   88 8      8  8  8  8    8   8       8    8   8   8   88   |  |
|  8    8 88888   88   8   8    888    88888     888     8888    |[]|
|                                                                |__|
|                                                                |
——————————————————————-——————————————————————————————————————————-